1640710825.18571 0.0 0.0 0.0 0 0 0 1
1640710825.394273 0.27667731015075125 0.03031436178904236 -0.004000006605449321 0 0 0 1
1640710825.570757 0.5527318233708554 0.04898356352269616 -0.003000025084017654 0 0 0 1
1640710825.789895 0.8252052605392788 0.08558259662433865 -0.004000054621246335 0 0 0 1
1640710825.956623 1.0891152439091156 0.09279147415920783 -0.011000093848782706 0 0 0 1
1640710826.305621 1.3935069930777402 0.09020362484038354 -0.017000153585527485 0 0 0 1
1640710826.371921 1.6684716207100478 0.10314264114363629 0.003999781260750297 0 0 0 1
1640710826.582048 1.9425020505140143 0.12846617585826853 -0.00300029830984333 0 0 0 1
1640710826.792877 2.205322146870807 0.12144206093874423 0.01499961727429279 0 0 0 1
1640710826.97879 2.4807538747731206 0.17929807175979195 -0.002000484665385896 0 0 0 1
1640710827.186618 2.73859161449214 0.2500931389558108 -0.004000593443465539 0 0 0 1
1640710827.374499 2.97852396623349 0.3236608614874424 0.001999296933288486 0 0 0 1
1640710827.571914 3.1891849037838575 0.4539756002348112 0.001999186325253338 0 0 0 1
1640710827.791411 3.4188411286135105 0.5767117374163622 -0.011000942689793014 0 0 0 1
1640710827.965469 3.6246753936703096 0.7005569383545255 -0.025001068193101272 0 0 0 1
1640710828.224254 3.780685957285842 0.8160841897555317 -0.01600117305948473 0 0 0 1
1640710828.379034 3.931247080804391 1.0092457938532213 -0.015001290754968422 0 0 0 1
1640710828.58281 4.028870511886142 1.1964924196775724 -0.006001385213617927 0 0 0 1
1640710829.10001 4.1205773823966645 1.3987113874745742 -0.0020014832321029186 0 0 0 1
1640710829.195457 4.214775439804466 1.6094331585053607 -0.009001594441316207 0 0 0 1
1640710829.213837 4.3060151965119315 1.7759772854080897 -0.019001701966257167 0 0 0 1
1640710829.382011 4.359264366647123 1.9293975288213345 -0.02100178221538751 0 0 0 1
1640710829.576423 4.406908363978072 2.090396361968445 -0.03500186651578918 0 0 0 1
1640710829.78161 4.463271514740446 2.211653804373205 -0.024001946418114706 0 0 0 1
1640710829.969412 4.478063006379531 2.3800464023290515 -0.028002017354554765 0 0 0 1
1640710830.17062 4.487872136129722 2.5417846371557298 -0.015002086108356849 0 0 0 1
1640710830.382991 4.513095464920629 2.718310346236893 -0.03400217734659394 0 0 0 1
1640710830.56919 4.542366985010062 2.899457152496554 -0.03900227691052072 0 0 0 1
1640710830.793834 4.499549813629779 3.0837463423039493 -0.024002336179308914 0 0 0 1
1640710830.960844 4.4662302820820505 3.271177865821277 -0.021002403905454603 0 0 0 1
1640710831.191511 4.454552935588497 3.451955010976724 -0.010002492291458775 0 0 0 1
1640710831.375413 4.404573574293247 3.625892943478253 -0.02300255381846439 0 0 0 1
1640710831.589498 4.361756390558738 3.8177607186080005 -0.022002637555937676 0 0 0 1
1640710831.773284 4.336688909914453 4.047151740244753 -0.046002763522864365 0 0 0 1
1640710831.989546 4.2586837305698335 4.264343123569544 -0.033002851314394954 0 0 0 1
1640710832.17011 4.160126242448941 4.46545310698368 -0.03000292470432253 0 0 0 1
1640710832.38735 4.040705059900106 4.673956841978114 -0.03300299796131245 0 0 0 1
1640710832.568266 3.9220623684990685 4.864530747370547 -0.023003067459529625 0 0 0 1
1640710832.772331 3.766207561906797 5.0819069800833105 -0.040003142592547114 0 0 0 1
1640710832.996328 3.595094244895241 5.255105619787315 0.000996814392487444 0 0 0 1
1640710833.188636 3.4232024019429668 5.437916090893429 -0.005003245866541217 0 0 0 1
1640710833.395158 3.204600785347814 5.605754224317073 -0.02200327774932065 0 0 0 1
1640710833.578018 2.9504997533857305 5.767122854567689 -0.0160032996683519 0 0 0 1
1640710833.771144 2.6783375897847943 5.933482223861788 -0.05200333324873574 0 0 0 1
1640710833.973566 2.427817621693519 6.058066963062259 -0.027003349536447896 0 0 0 1
1640710834.191723 2.1522300673948673 6.139952814689739 0.004996670350541965 0 0 0 1
1640710834.379165 1.8878528317113088 6.234777655492967 -0.025003337024023242 0 0 0 1
1640710834.58667 1.6284579747893637 6.308345498529818 -0.018003340352995334 0 0 0 1
1640710834.778929 1.337144766727893 6.321284610190386 -0.009003284271376089 0 0 0 1
1640710834.98026 1.0338427138816282 6.316478696606729 -0.024003224096825093 0 0 0 1
1640710835.174183 0.7514043568471966 6.297070132837177 -0.024003166664468 0 0 0 1
1640710835.392812 0.4759724631183615 6.271192016187053 -0.04200311221258435 0 0 0 1
1640710835.573773 0.19119861908595204 6.207605789991607 -0.047003034781585296 0 0 0 1
1640710835.767083 -0.07115453425104579 6.124610976747211 -0.04400295379896857 0 0 0 1
1640710836.025194 -0.3366216681315557 6.017216796346151 -0.032002857254789685 0 0 0 1
1640710836.172408 -0.5792010142335141 5.905016663299154 -0.031002770931755297 0 0 0 1
1640710836.429049 -0.822714545552645 5.792816508285091 -0.048002694159502646 0 0 0 1
1640710836.580059 -1.040693409120983 5.658250303089451 -0.019002604676265022 0 0 0 1
1640710836.775844 -1.2784460611110293 5.526271875221111 -0.022002531340941545 0 0 0 1
1640710836.970195 -1.491909633237761 5.405384065823013 -0.025002473786895685 0 0 0 1
1640710837.174437 -1.7116011731983831 5.308525937457978 -0.022002447544886117 0 0 0 1
1640710837.401041 -1.9297357228290435 5.229412803241996 -0.012002444304147097 0 0 0 1
1640710837.586512 -2.1592363028391146 5.138099965442371 -0.018002442976083444 0 0 0 1
1640710837.823146 -2.38515579422005 5.0362510323656275 -0.024002442388646017 0 0 0 1
1640710837.970569 -2.6205729527737844 4.997618646882857 -0.01600250366197864 0 0 0 1
1640710838.184021 -2.8759196007885532 4.957507492076157 -0.01900258159513113 0 0 0 1
1640710838.474224 -3.115229234098069 4.9244203986171895 -0.01700266943596329 0 0 0 1
1640710838.70178 -3.407943694836402 4.922756707113448 -0.019002815888654823 0 0 0 1
1640710838.870593 -3.6802615794711864 4.961388941691081 -0.01800299838606323 0 0 0 1
1640710838.982517 -3.9612986197189883 5.020353961873036 -0.02900321348103807 0 0 0 1
1640710839.194874 -4.217890899399691 5.047341051229253 -0.008003398540635587 0 0 0 1
1640710839.385618 -4.493789868142345 5.086897474299025 -0.014003618247124816 0 0 0 1
1640710839.590206 -4.7827675781336465 5.129226546569707 -0.011003863200091502 0 0 0 1
1640710839.799094 -5.022700017819178 5.1368050105513205 -0.021004052996199896 0 0 0 1
1640710839.98359 -5.297509079482086 5.135880645612508 -0.02300427375169134 0 0 0 1
1640710840.191915 -5.5494303568721906 5.1258989493153475 -0.020004479962048904 0 0 0 1
1640710840.390896 -5.803220019714005 5.1002055353488505 -0.014004683835982412 0 0 0 1
1640710840.691698 -6.067752924761299 5.08911475005025 -0.017004922436852254 0 0 0 1
1640710840.855363 -6.329171865761923 5.10057489592173 -0.01500518438012044 0 0 0 1
1640710841.000166 -6.583895716232741 5.067672555849772 -0.00800541593170534 0 0 0 1
1640710841.174017 -6.840020866627969 5.036803493144051 0.003994339709369132 0 0 0 1
1640710841.38763 -7.0950561274673385 5.016655357732487 0.013994077274041672 0 0 0 1
1640710841.588951 -7.373290529581093 4.984862026128455 -6.213236405372413e-06 0 0 0 1
1640710841.77585 -7.626301694313922 4.962680593824703 0.006993506216907974 0 0 0 1
1640710842.043269 -7.893481493948348 4.955471483647797 0.012993188102138564 0 0 0 1
1640710842.182809 -8.134036742293581 4.9647134734407015 0.014992878655795128 0 0 0 1
1640710842.381864 -8.394054332461904 4.92109013836453 0.007992575848850159 0 0 0 1
1640710842.629957 -8.611566060772896 4.895581515339121 0.002992305092315739 0 0 0 1
1640710842.855991 -8.897429770467987 4.892623769542305 0.012991916755482169 0 0 0 1
1640710842.977476 -9.151686542824127 4.87617245898421 0.02899156777718881 0 0 0 1
1640710843.160327 -9.412794025894657 4.848815334837863 0.015991209953750474 0 0 0 1
1640710843.396961 -9.658487308358179 4.852327111614834 -0.004009157960451759 0 0 0 1
1640710843.586674 -9.89826406234374 4.848445163582604 0.007990477123950956 0 0 0 1
1640710843.789014 -10.154389167620105 4.799461325092967 0.009990112233890791 0 0 0 1
1640710844.063844 -10.37158951311292 4.775616267548322 0.017989779828656793 0 0 0 1
1640710844.174665 -10.666950803391039 4.7371684559611085 0.009989323512015869 0 0 0 1
1640710844.369177 -10.910775669237859 4.7249684881382805 -0.011011080850313881 0 0 0 1
1640710844.586119 -11.203178645629595 4.682084407151143 -0.030011553836983396 0 0 0 1
1640710844.770372 -11.456656899899775 4.648442576405165 -0.01201198032359807 0 0 0 1
1640710844.961406 -11.770079288041455 4.59224972643795 -0.006012508938245009 0 0 0 1
1640710845.163152 -12.019665061640506 4.5364266509089655 0.02598706589297306 0 0 0 1
1640710845.377741 -12.323745511070065 4.518311584830957 0.015986498910187663 0 0 0 1
1640710845.577386 -12.58563151011769 4.4780153398344105 0.0339860163566148 0 0 0 1
1640710845.790322 -12.891424600746308 4.436240254564284 0.015985436227042182 0 0 0 1
1640710846.095568 -13.183671949192114 4.432173305718326 0.01698484229044306 0 0 0 1
1640710846.245517 -13.497094427386473 4.45583287552321 0.01998417080575976 0 0 0 1
1640710846.367349 -13.779532674288753 4.433096700864194 0.007983583297744179 0 0 0 1
1640710846.584521 -14.02865135065612 4.400563870639974 0.027983062592641605 0 0 0 1
1640710846.795644 -14.330707728413964 4.3959423373664634 0.0209823954146775 0 0 0 1
1640710846.98482 -14.628093229113873 4.422189715310344 0.03798170311065441 0 0 0 1
1640710847.158689 -14.904770673041572 4.487993627797559 -0.001018983625489689 0 0 0 1
1640710847.390394 -15.207605708032908 4.56100643145172 0.009980251010988983 0 0 0 1
1640710847.587452 -15.46139542617131 4.5831872847154855 0.019979624935098972 0 0 0 1
1640710847.903802 -15.762829017905968 4.593168356036918 0.006978879548545258 0 0 0 1
1640710847.970676 -16.031410106819326 4.5950163597839335 0.008978210336920256 0 0 0 1
1640710848.171898 -16.331753768960304 4.58244648449973 -0.003022541530470768 0 0 0 1
1640710848.396764 -16.61279071416144 4.543259149748758 -0.004023238407996121 0 0 0 1
1640710848.571273 -16.898654413874723 4.534571014960028 0.00597601728320285 0 0 0 1
1640710848.795359 -17.172217825645024 4.519228510131925 0.0009752984037780799 0 0 0 1
1640710848.978103 -17.4577700670562 4.493904418871799 -2.545816583365834e-05 0 0 0 1
1640710849.191526 -17.75858084348427 4.473755918865631 0.0019737265061494647 0 0 0 1
1640710849.432751 -17.99898041951215 4.47763720874301 0.016973050137935264 0 0 0 1
1640710849.565018 -18.281107214901457 4.434752942190866 0.005972279666466296 0 0 0 1
1640710849.796396 -18.509829328906743 4.437710018664866 0.012971617406747349 0 0 0 1
1640710849.968851 -18.779033203951407 4.40499218813048 0.03497085498736041 0 0 0 1
1640710850.174252 -19.01943268174904 4.378004547435859 0.03597016269946085 0 0 0 1
1640710850.3846 -19.264347418080575 4.364880158416814 0.022969436365085194 0 0 0 1
1640710850.567252 -19.47827810244722 4.36691301950241 0.02796878591046159 0 0 0 1
1640710850.779941 -19.704353218584995 4.3123836827685516 0.03596812958134277 0 0 0 1
1640710850.964772 -19.90162406199235 4.302586571783316 0.03896752339563925 0 0 0 1
1640710851.189427 -20.106212760860583 4.315155517229189 0.025966875999914985 0 0 0 1
1640710851.385991 -20.286045282763 4.282622666235615 0.039966326874772085 0 0 0 1
1640710851.625523 -20.462141085430165 4.297224955407269 0.041965756593993486 0 0 0 1
1640710851.776993 -20.647578821865757 4.31996033599421 0.033965143726686575 0 0 0 1
1640710851.982466 -20.799385466639222 4.282621594888477 0.042964676176916905 0 0 0 1
1640710852.209209 -20.978750853832963 4.260255124241719 0.03896410462069744 0 0 0 1
1640710852.404693 -21.13958808321531 4.246761191461575 0.04296358315276905 0 0 0 1
1640710852.584018 -21.302293609775653 4.214967715653394 0.030963063143559344 0 0 0 1
1640710852.769259 -21.47979061189399 4.181140936426512 0.03696249198162671 0 0 0 1
1640710853.00445 -21.652305339753703 4.2031369564246726 0.03596189370758096 0 0 0 1
1640710853.192958 -21.84116845301467 4.219957311177964 0.029961239579893828 0 0 0 1
1640710853.388042 -22.021001088679835 4.2567408069718535 0.03296059579007382 0 0 0 1
1640710853.590902 -22.20877444760282 4.318663025535624 0.037959905336591326 0 0 0 1
1640710853.792396 -22.418501159168382 4.309974884408762 0.02195917821564386 0 0 0 1
1640710853.995573 -22.61623908710149 4.300177715419547 0.0219584875746488 0 0 0 1
1640710854.164737 -22.84573970339653 4.311082963337737 0.024957662791539992 0 0 0 1
1640710854.367103 -23.04705867238427 4.280028754530791 0.027956959955210303 0 0 0 1
1640710854.577987 -23.298201413443323 4.261728639051935 0.03295606058397205 0 0 0 1
1640710854.775722 -23.514156249632716 4.285572966512408 0.03995525410635836 0 0 0 1
1640710855.012223 -23.73836320609442 4.320323052409712 0.056954398895221914 0 0 0 1
1640710855.173459 -23.985457703259268 4.30553494628645 0.04195348759067863 0 0 0 1
1640710855.372237 -24.241582678035396 4.26579291004472 0.023952544855119662 0 0 0 1
1640710855.571292 -24.507672536363664 4.248971475758131 0.027951539626622113 0 0 0 1
1640710855.780149 -24.75071890793034 4.225126033530943 0.03395061905889851 0 0 0 1
1640710856.012882 -25.01556316889485 4.222167859880231 0.027949589223181137 0 0 0 1
1640710856.165341 -25.267951629514187 4.2423151849875556 0.04094858157505099 0 0 0 1
1640710856.36135 -25.54431760556967 4.222351350834831 0.039947496597980026 0 0 0 1
1640710856.570948 -25.79125642762507 4.18833946810917 0.04594652505996022 0 0 0 1
1640710856.798537 -26.04504610670197 4.175954280666986 0.06094550352117478 0 0 0 1
1640710856.9714 -26.305063601762292 4.13843031317511 0.05594446136984499 0 0 0 1
1640710857.227364 -26.573021842421042 4.107745545681118 0.06794337173636422 0 0 0 1
1640710857.387863 -26.841447061782596 4.092033085038372 0.041942258847552205 0 0 0 1
1640710857.590292 -27.12201687046265 4.055433262500203 0.04294109820617531 0 0 0 1
1640710857.787703 -27.383435715427215 4.0384269148279035 0.039939991510992146 0 0 0 1
1640710857.970271 -27.687360374818674 3.994618107757454 0.04093870865484672 0 0 0 1
1640710858.179541 -27.949246317031566 3.9705876859325353 0.04293758260307379 0 0 0 1
1640710858.386633 -28.248344409484808 3.9689232355626487 0.041936267769452806 0 0 0 1
1640710858.571443 -28.527824402004374 3.97890398124676 0.03193501938789134 0 0 0 1
1640710858.78315 -28.798429508301368 3.9563522625592737 0.03593381818673258 0 0 0 1
1640710858.973306 -29.093635321544095 4.003671386813104 0.046932450232332945 0 0 0 1
1640710859.16569 -29.368600369229462 4.1138374084729925 0.04393112176212788 0 0 0 1
1640710859.380568 -29.6768850447874 4.2221548873905235 0.04192962454521276 0 0 0 1
1640710859.589876 -29.949670297030192 4.302745918463092 0.053928295552365 0 0 0 1
1640710859.767625 -30.24767871965518 4.3596768676436355 0.059926853532861424 0 0 0 1
1640710859.981191 -30.533231115627117 4.393132693600586 0.06092547055403097 0 0 0 1
1640710860.164811 -30.791224624358467 4.399231724188142 0.05192422636543892 0 0 0 1
1640710860.379278 -31.100754641877636 4.42011808489755 0.04992271214549682 0 0 0 1
1640710860.57228 -31.376653762089123 4.4691007903941955 0.054921327189721314 0 0 0 1
1640710860.781595 -31.631689128681128 4.498674966792022 0.05892004830659747 0 0 0 1
1640710860.977068 -31.88252054028322 4.513091961855499 0.05691878970133146 0 0 0 1
1640710861.169397 -32.15188023499635 4.5110578210238055 0.08191744072106166 0 0 0 1
1640710861.375841 -32.40068737708721 4.465585454214714 0.08291621573109831 0 0 0 1
1640710861.585368 -32.66522010210258 4.4337914520427315 0.06891489051794952 0 0 0 1
1640710861.756065 -32.88693578118393 4.421775884270185 0.08691376085787894 0 0 0 1
1640710861.972888 -33.151935816756406 4.44340170053929 0.07991237379707217 0 0 0 1
1640710862.170922 -33.37847821877338 4.457264217812842 0.08991118510051743 0 0 0 1
1640710862.377074 -33.62853093806345 4.443215228763917 0.06890988168754086 0 0 0 1
1640710862.565403 -33.82549044607549 4.434711752052975 0.08390884794342357 0 0 0 1
1640710862.762327 -34.06464422077299 4.428241378578134 0.05790758137866803 0 0 0 1
1640710862.991727 -34.26035799511415 4.388684153007574 0.0669065612911448 0 0 0 1
1640710863.197592 -34.480827895219186 4.361511351807075 0.05990539305332687 0 0 0 1
1640710863.380322 -34.67872170161748 4.3916401838552 0.06890429998930636 0 0 0 1
1640710863.577057 -34.908066619843375 4.397739213765073 0.07090304645110779 0 0 0 1
1640710863.808655 -35.1042475489572 4.3899750798499095 0.06990197560485734 0 0 0 1
1640710863.964512 -35.33997601990174 4.35984471419326 0.07490069532160004 0 0 0 1
1640710864.177197 -35.53288724150251 4.345980740535877 0.0738996350768224 0 0 0 1
1640710864.401664 -35.755381352308476 4.332301503981226 0.08089840218076749 0 0 0 1
1640710864.568414 -35.982079128726205 4.30679223056228 0.05789714600169327 0 0 0 1
1640710864.792558 -36.18900330503074 4.27832555026168 0.07189599618737907 0 0 0 1
1640710864.971525 -36.413054429720646 4.277215661167342 0.07489472333003588 0 0 0 1
1640710865.206783 -36.62418268947051 4.30087487946035 0.0908934977773852 0 0 0 1
1640710865.387243 -36.85415019134395 4.251520752256508 0.09189220946805277 0 0 0 1
1640710865.572319 -37.068391996040894 4.204569638159776 0.07789100092415402 0 0 0 1
1640710865.774456 -37.30085053678936 4.110113632305811 0.08388970704564036 0 0 0 1
1640710865.975183 -37.51291249374989 4.029151282329287 0.08288851780028406 0 0 0 1
1640710866.178507 -37.76763592596767 3.931737674223859 0.07688707637917447 0 0 0 1
1640710866.433489 -37.95385152155218 3.7629746641083472 0.08388607327093389 0 0 0 1
1640710866.557351 -38.16996131843254 3.5877420032639455 0.08988488693041852 0 0 0 1
1640710866.79119 -38.34200823083587 3.430254498118159 0.08188394306477664 0 0 0 1
1640710866.977532 -38.49770674215344 3.210659593278378 0.1168831212092678 0 0 0 1
1640710867.176524 -38.66554949678091 3.0202699082847446 0.08588219956323884 0 0 0 1
1640710867.417745 -38.843668601782255 2.85021299874834 0.07688119751353084 0 0 0 1
1640710867.566929 -39.003103914026404 2.6603778979435506 0.09888030823376326 0 0 0 1
1640710867.801745 -39.19788269325984 2.459821706292115 0.0898791941899999 0 0 0 1
1640710867.960428 -39.36883953793855 2.262223106515533 0.085878217405156 0 0 0 1
1640710868.175486 -39.5106807049194 2.0415191677296995 0.10787741591888589 0 0 0 1
1640710868.39597 -39.6377302376262 1.8115730921570026 0.10187669741265515 0 0 0 1
1640710868.641304 -39.74267034755536 1.5503885194173606 0.09387611531189133 0 0 0 1
1640710868.849898 -39.797942467270595 1.2921616470131378 0.08987582746844436 0 0 0 1
1640710868.992493 -39.84885480453373 0.9884632413869551 0.08287556595013068 0 0 0 1
1640710869.170995 -39.83920043288737 0.7121219535698345 0.09787566302967549 0 0 0 1
1640710869.406129 -39.80759249711209 0.4326384084764215 0.11687588454735748 0 0 0 1
1640710869.58332 -39.789686012804125 0.16757261564997977 0.11487600847267675 0 0 0 1
1640710869.784096 -39.72615976982344 -0.10710486551887402 0.13187640602466288 0 0 0 1
1640710869.997573 -39.64239253815252 -0.3751278928246814 0.12687691582367513 0 0 0 1
1640710870.175112 -39.55052898552903 -0.63926917142826 0.12387746409097794 0 0 0 1
1640710870.433841 -39.404949186278934 -0.914870540922032 0.11787833111369284 0 0 0 1
1640710870.614046 -39.266687454290384 -1.1461094571277235 0.1158791451285276 0 0 0 1
1640710870.783417 -39.0924590192236 -1.4132079050744801 0.10088016038127412 0 0 0 1
1640710870.964414 -38.91106876702213 -1.6198624411770097 0.10088121847416898 0 0 0 1
1640710871.168467 -38.683747173858144 -1.8538736673324754 0.09888253789197987 0 0 0 1
1640710871.368097 -38.43275975594927 -2.0154260817509377 0.11988400476699623 0 0 0 1
1640710871.581129 -38.18737713484743 -2.207292877396881 0.09788541286856356 0 0 0 1
1640710871.773133 -37.90633973714533 -2.3496214365413617 0.09388703541118493 0 0 0 1
1640710872.057711 -37.62717088906596 -2.4769776768643075 0.10588864020535493 0 0 0 1
1640710872.250877 -37.321221714840576 -2.5777163182403138 0.08489039465371784 0 0 0 1
1640710872.388591 -36.99814582507575 -2.6571978830561367 0.07989224352694624 0 0 0 1
1640710872.580952 -36.685346224730885 -2.713204353234157 0.08489402390575429 0 0 0 1
1640710872.781664 -36.370678337293896 -2.71486677022152 0.07189582366580138 0 0 0 1
1640710873.007499 -36.03514689521705 -2.7181927240313493 0.08089772469352008 0 0 0 1
1640710873.157295 -35.72156906364883 -2.6834409591933746 0.07289950112881471 0 0 0 1
1640710873.38491 -35.40799121923381 -2.644252954283913 0.05990126478479896 0 0 0 1
1640710873.580083 -35.112007665031115 -2.5494270749226313 0.06490293816930937 0 0 0 1
1640710873.780417 -34.82521052313332 -2.421144532095349 0.07990455958592357 0 0 0 1
1640710874.029804 -34.51801663517039 -2.278074415579079 0.05590628038400025 0 0 0 1
1640710874.235499 -34.25784421273595 -2.0815846542543888 0.06290774876162375 0 0 0 1
1640710874.362045 -34.00218707495676 -1.8819525733586098 0.0719091790046823 0 0 0 1
1640710874.594161 -33.746062833773706 -1.6789933101681072 0.07991059313141635 0 0 0 1
1640710874.762457 -33.519365712371936 -1.4640193114793811 0.08091184179829647 0 0 0 1
1640710874.962347 -33.28208097465526 -1.2495998101241557 0.06891312861838861 0 0 0 1
1640710875.167272 -33.05320411959882 -1.0312986305703742 0.0819143566075411 0 0 0 1
1640710875.374998 -32.798014000534195 -0.8172487710609142 0.07691570360117289 0 0 0 1
1640710875.562428 -32.54702763055239 -0.621313612489398 0.06091701144664308 0 0 0 1
1640710875.865527 -32.30071228466423 -0.4192786366153442 0.05291827745720451 0 0 0 1
1640710876.071286 -32.03119793099871 -0.19173516096168378 0.061919646681507706 0 0 0 1
1640710876.178812 -31.801230914700646 -0.029996178685478152 0.06892079845815668 0 0 0 1
1640710876.399337 -31.45542370942547 0.14375801321286585 0.05892251070152558 0 0 0 1
1640710876.571625 -31.14355884556823 0.23008101570616896 0.09492403755458052 0 0 0 1
1640710876.7642 -30.81659089116334 0.32971279914160545 0.06692561818491813 0 0 0 1
1640710876.999616 -30.516403175358278 0.36649763451838613 0.07892705876669406 0 0 0 1
1640710877.1781 -30.161876310611643 0.39847668790804175 0.060928742950863646 0 0 0 1
1640710877.386344 -29.83662088570077 0.3971837767819335 0.06593026997634394 0 0 0 1
1640710877.640675 -29.489411573028832 0.31400516043036164 0.05693188748883918 0 0 0 1
1640710877.831356 -29.189223438769805 0.2378504546874201 0.05193326969187981 0 0 0 1
1640710877.978206 -28.873776777574818 0.15984734494515515 0.04393470684580735 0 0 0 1
1640710878.167459 -28.570474844572487 0.1280551165148992 0.048936072884284344 0 0 0 1
1640710878.376734 -28.28461132976352 0.1319376618121798 0.05693734489659277 0 0 0 1
1640710878.562277 -27.95328334420377 0.061328317621043564 0.03793880503829401 0 0 0 1
1640710878.871203 -27.71599780086417 0.008648536711063498 0.04793984170846932 0 0 0 1
1640710878.997868 -27.43776352693171 0.031015406171486647 0.03994104219755769 0 0 0 1
1640710879.174452 -27.197052718795682 0.020295140684656612 0.04894207241171393 0 0 0 1
1640710879.386131 -26.912901879594738 0.03120170158024295 0.0489432767704762 0 0 0 1
1640710879.56901 -26.717655226422103 0.03711723381793358 0.050944095920113626 0 0 0 1
1640710879.762017 -26.463865600559863 0.005139960859079168 0.05194515319855126 0 0 0 1
1640710879.998764 -26.217082382298486 -0.03053421041691541 0.04194617088476027 0 0 0 1
1640710880.190987 -25.99085173611679 0.02011356333407977 0.046947095889707795 0 0 0 1
1640710880.377319 -25.79373674850902 0.029171425196040667 0.06094789560811606 0 0 0 1
1640710880.565511 -25.56781726450369 -0.004654380581167891 0.06294880452766201 0 0 0 1
1640710880.769297 -25.370702267440045 0.02381206022595557 0.06194959048926457 0 0 0 1
1640710880.995564 -25.162376868654224 0.05671477466184162 0.04195041552482177 0 0 0 1
1640710881.172295 -24.96868741164745 0.12141056328257077 0.05895117449857786 0 0 0 1
1640710881.392965 -24.786208162834676 0.17852772752998225 0.04895188450474103 0 0 0 1
1640710881.601326 -24.590961584820622 0.21734539525773755 0.05095263796310888 0 0 0 1
1640710881.76494 -24.45020970834963 0.24932370776047288 0.060953177955653526 0 0 0 1
1640710882.02059 -24.262747985500027 0.28074759981173436 0.04195389170467709 0 0 0 1
1640710882.179027 -24.099886645382647 0.25450019636001564 0.03995450906669737 0 0 0 1
1640710882.37483 -23.939672306485402 0.2484007470470478 0.0559551121529559 0 0 0 1
1640710882.634224 -23.771205808522808 0.22732897403356542 0.05295574133989002 0 0 0 1
1640710882.789072 -23.589660444956685 0.16189474240382767 0.040956417563286135 0 0 0 1
1640710882.985678 -23.419636839017233 0.09239391904519909 0.03695704595860898 0 0 0 1
1640710883.223912 -23.233731944281764 0.021414380759165994 0.03895772439755477 0 0 0 1
1640710883.386383 -23.06651084824326 -0.0955912859636465 0.04395833054331424 0 0 0 1
1640710883.619835 -22.896954266843103 -0.22294819784945002 0.05495893798982289 0 0 0 1
1640710883.761895 -22.726463459870388 -0.3329298004687049 0.04495954137823849 0 0 0 1
1640710884.008611 -22.55285877383217 -0.41019406590228474 0.04196015349678914 0 0 0 1
1640710884.196456 -22.3819009511812 -0.5157394279072987 0.049960746674434786 0 0 0 1
1640710884.368607 -22.21000893968218 -0.6235029140196671 0.0599613380665876 0 0 0 1
1640710884.59844 -22.008378371226804 -0.7068669670042251 0.04496202674065286 0 0 0 1
1640710884.777643 -21.84473854294132 -0.7479019020171518 0.04796258447761853 0 0 0 1
1640710884.967317 -21.677828936868053 -0.8190663553372238 0.04196314398323009 0 0 0 1
1640710885.183735 -21.497529246138203 -0.872670630523763 0.03496374715282302 0 0 0 1
1640710885.381568 -21.313804259947847 -0.8979938171934235 0.03396435956884725 0 0 0 1
1640710885.580673 -21.1199589554762 -0.8880118398022083 0.046965004636237706 0 0 0 1
1640710885.767171 -20.910076600757847 -0.8730390506679437 0.04296569858536137 0 0 0 1
1640710885.977009 -20.713895795243147 -0.8477150480423336 0.04196634194066989 0 0 0 1
1640710886.169302 -20.48953346616898 -0.8164759929370728 0.040967069209546014 0 0 0 1
1640710886.364216 -20.307054301891487 -0.7419836036029764 0.04696766170622768 0 0 0 1
1640710886.57193 -20.10666968318452 -0.6983600797546254 0.054968301369666295 0 0 0 1
1640710886.770536 -19.926525927412705 -0.6338492595331477 0.043968873355310356 0 0 0 1
1640710886.967463 -19.70216363717325 -0.5604658577425663 0.030969575628765567 0 0 0 1
1640710887.180929 -19.492125667903316 -0.5136999843811636 0.036970224130359775 0 0 0 1
1640710887.380587 -19.218718131077317 -0.45122227378011864 0.021971057063276567 0 0 0 1
1640710887.738723 -18.989373483448112 -0.40538059191695713 0.033971747137710645 0 0 0 1
1640710887.780951 -18.71876850037777 -0.36970523771034053 0.027972548139845232 0 0 0 1
1640710888.019455 -18.45299011995926 -0.36378973623295663 0.017973322754644666 0 0 0 1
1640710888.267673 -18.18503200356797 -0.3704436097892104 0.03397409026944467 0 0 0 1
1640710888.543335 -17.9292184615819 -0.3192414345343483 0.02797481734774762 0 0 0 1
1640710888.584712 -17.64584613761713 -0.29576577253905645 0.026975607506031285 0 0 0 1
1640710888.814655 -17.348927958667673 -0.27894446555025354 0.017976420890994493 0 0 0 1
1640710889.008284 -17.0434464471202 -0.2203484795598863 0.025977247271713244 0 0 0 1
1640710889.24963 -16.762409595449842 -0.1942850332423537 0.018977992290835646 0 0 0 1
1640710889.385168 -16.467982661348255 -0.17228813723448713 0.030978759396315406 0 0 0 1
1640710889.573585 -16.1734000097163 -0.14363687310415818 0.03197951310051346 0 0 0 1
1640710889.774419 -15.85873212974651 -0.16563276075983885 0.048980301814856325 0 0 0 1
1640710889.972534 -15.551537744825078 -0.16600195694869696 0.026981057707273243 0 0 0 1
1640710890.17408 -15.237025659281056 -0.10759085459812665 0.030981817638065484 0 0 0 1
1640710890.368281 -14.94929376182155 -0.08799698076712009 0.037982498212725715 0 0 0 1
1640710890.570292 -14.63088909282289 -0.062303225930010864 0.02098323548300849 0 0 0 1
1640710890.763602 -14.329455719220448 -0.01794029507613653 0.03298391850604042 0 0 0 1
1640710890.966982 -14.059317741750212 -0.04159989779434064 0.0339845188008774 0 0 0 1
1640710891.183619 -13.740134485961173 -0.07135928033226699 0.010985212876374974 0 0 0 1
1640710891.396178 -13.490860201315906 -0.11054579882012323 0.026985745002293074 0 0 0 1
1640710891.580478 -13.192385039462497 -0.1025971149957244 0.03098636863497188 0 0 0 1
1640710891.780622 -12.94497923441594 -0.09261522646276349 0.058986875501315254 0 0 0 1
1640710891.976623 -12.663942313822302 -0.09723595189524009 0.04398743890581261 0 0 0 1
1640710892.191965 -12.404858977549068 -0.1177532720678402 0.04298794761033896 0 0 0 1
1640710892.360745 -12.157920192830435 -0.1526884225048392 0.06198842072956276 0 0 0 1
1640710892.579727 -11.866762812029734 -0.16581196881489496 0.03998896794161444 0 0 0 1
1640710892.765146 -11.629321609884737 -0.21645885711985538 0.0339894042799853 0 0 0 1
1640710892.961993 -11.371016765138496 -0.2456638585632099 0.032989868891459856 0 0 0 1
1640710893.1883 -11.150858273318748 -0.2382698588985486 0.04999025741970978 0 0 0 1
1640710893.38259 -10.898158603501097 -0.2565691016279721 0.04599069231695391 0 0 0 1
1640710893.580757 -10.69092306471224 -0.2868832400789807 0.04499104035215476 0 0 0 1
1640710893.764702 -10.466560645560156 -0.27838018739222026 0.02999141428915561 0 0 0 1
1640710893.970195 -10.253875685351904 -0.27468308829226357 0.03499176021316874 0 0 0 1
1640710894.174486 -10.037609615316365 -0.2905794233438735 0.03299210175819839 0 0 0 1
1640710894.390237 -9.834422276068501 -0.2970487460781267 0.028992418312441703 0 0 0 1
1640710894.567885 -9.62142588119394 -0.3279174344372139 0.03199274171397756 0 0 0 1
1640710894.785725 -9.420262663260896 -0.3064753699119367 0.03099304247173651 0 0 0 1
1640710895.000333 -9.222836197141483 -0.3179354926030502 0.033993328445247994 0 0 0 1
1640710895.166529 -9.040979638627556 -0.3264381330536044 0.031993590076498685 0 0 0 1
1640710895.400799 -8.84168477186306 -0.33900732220665586 0.026993867253537612 0 0 0 1
1640710895.64182 -8.65578002777721 -0.3624823063448933 0.027994121299614982 0 0 0 1
1640710895.765341 -8.460533310707644 -0.426992586865274 0.03499437855147608 0 0 0 1
1640710895.96717 -8.262795390566943 -0.48725146290800186 0.02399463446664854 0 0 0 1
1640710896.184681 -8.077513466074535 -0.4939056827350852 0.02899486920659633 0 0 0 1
1640710896.370737 -7.840072325602052 -0.47911799293771085 0.004995166966983294 0 0 0 1
1640710896.572609 -7.630812749348294 -0.49131751293788384 0.021995419053536885 0 0 0 1
1640710896.791698 -7.4073845206912114 -0.5037018691044783 0.00899568242618623 0 0 0 1
1640710896.981467 -7.18021951620368 -0.5258829432799811 0.003995940051350705 0 0 0 1
1640710897.193388 -6.972516888075434 -0.5739421545060053 0.003996166108371668 0 0 0 1
1640710897.398781 -6.762790192382371 -0.6253285576088379 0.02299638725108466 0 0 0 1
1640710897.574621 -6.542320245924215 -0.6589699608774784 0.017996613897664326 0 0 0 1
1640710897.769889 -6.287752224584166 -0.6351249565649422 0.0009968709996790448 0 0 0 1
1640710897.993616 -6.042214779827083 -0.6127587159988936 0.014997110743565079 0 0 0 1
1640710898.177917 -5.7901379117999054 -0.6598937058075749 0.008997339532723525 0 0 0 1
1640710898.367203 -5.539462377300576 -0.6643298105822657 0.01899756072864417 0 0 0 1
1640710898.574488 -5.267456047755548 -0.6940894982833478 0.02499778796817481 0 0 0 1
1640710898.7775 -5.013822211532473 -0.7129434222080133 0.0209979912659084 0 0 0 1
1640710898.983149 -4.733875240238738 -0.7029617226230279 0.01399820601952062 0 0 0 1
1640710899.18745 -4.474947633033481 -0.7232944068011847 0.004998389417617766 0 0 0 1
1640710899.380756 -4.214618772224524 -0.68521649109162 0.015998570819973856 0 0 0 1
1640710899.584422 -3.932336330025814 -0.6482476335914379 0.014998755333337777 0 0 0 1
1640710899.790596 -3.6681149634717647 -0.6585987788870997 0.016998912001270405 0 0 0 1
1640710900.025385 -3.400001129106534 -0.6626652456175463 0.029999059314387122 0 0 0 1
1640710900.167752 -3.1487027962438496 -0.6439959473867927 0.0319991905053722 0 0 0 1
1640710900.390546 -2.858946779337285 -0.6279144567636394 0.01699932758200906 0 0 0 1
1640710900.670771 -2.5911443325193075 -0.6260659440603008 0.006999442172832437 0 0 0 1
1640710900.847908 -2.322874785129276 -0.6541621184927542 0.004999541926821949 0 0 0 1
1640710900.976317 -2.0723549404050674 -0.6678404956599302 0.00699962780504404 0 0 0 1
1640710901.172605 -1.8053309955468353 -0.6606315396428409 0.005999709172764933 0 0 0 1
1640710901.382297 -1.5401754364769074 -0.6778219575669521 0.008999779097677962 0 0 0 1
1640710901.599711 -1.3056926020096116 -0.6632192711994038 0.0069998317050687375 0 0 0 1
1640710901.776631 -1.0417826397936187 -0.6563800241262197 0.008999880374857161 0 0 0 1
1640710901.992262 -0.8345471471162343 -0.6434409462745512 0.02299991213608138 0 0 0 1
1640710902.194515 -0.5894767720004429 -0.6345684307555036 0.014999940948418944 0 0 0 1
1640710902.449467 -0.3696296507460567 -0.6146053006116797 0.010999958246368124 0 0 0 1
1640710902.61351 -0.12097819672296103 -0.5711670239764786 0.0029999733738024226 0 0 0 1
1640710902.768127 0.11926550733937624 -0.5552704668486244 0.005999973775875411 0 0 0 1
1640710902.974756 0.3602877093034905 -0.5341982921642189 0.016999965607416734 0 0 0 1
1640710903.172459 0.6400789850252492 -0.5155290911565926 0.0009999467363482895 0 0 0 1
1640710903.375898 0.9010306665257696 -0.5327195749536753 -0.013000086485304957 0 0 0 1
1640710903.599405 1.1524847048807472 -0.5567492820302399 0.0009998711091629975 0 0 0 1
1640710903.849622 1.4327430863444917 -0.5221835497998233 0.021999816477274448 0 0 0 1
1640710904.028541 1.7215649199210308 -0.4728303279744246 0.019999750409925188 0 0 0 1
1640710904.188392 1.997152315592328 -0.49279349948331563 0.010999667586948786 0 0 0 1
1640710904.386107 2.298897159735958 -0.4835513788340276 -0.008000433837998977 0 0 0 1
1640710904.587796 2.5562677808103897 -0.47578800954893147 0.023999469489586478 0 0 0 1
1640710904.775025 2.85162897121053 -0.45120387943327195 0.013999346398979678 0 0 0 1
1640710904.985822 3.1030830185329146 -0.44288598924436623 0.016999230617554234 0 0 0 1
1640710905.175648 3.3697955857675095 -0.41663827220193156 0.023999095875506055 0 0 0 1
1640710905.38724 3.624830716606389 -0.3831816531236275 0.015998958872227326 0 0 0 1
1640710905.635775 3.873949292468052 -0.32791348392933456 0.007998815170394497 0 0 0 1
1640710905.819405 4.088191290342192 -0.24270062569339992 0.011998685470152065 0 0 0 1
1640710905.992151 4.294648342608669 -0.13623074458588774 0.008998553078188823 0 0 0 1
1640710906.172579 4.478061921987589 -0.03660007286691885 -0.003001571186341756 0 0 0 1
1640710906.371215 4.642947344298688 0.1279107399042535 -0.01200169009028406 0 0 0 1
1640710906.571888 4.7782499351893675 0.23142314593809526 0.010998206962819543 0 0 0 1
1640710906.76652 4.8822570121530875 0.38281008125454075 0.00799812037947914 0 0 0 1
1640710906.964206 4.972406866056983 0.5210731220006173 0.00699804242667787 0 0 0 1
1640710907.18032 5.071898664608943 0.660445217041481 -0.0010020498781280751 0 0 0 1
1640710907.375106 5.171079068676486 0.7902054416575116 -0.0020021432510442527 0 0 0 1
1640710907.584248 5.262474525520172 0.9338289434833221 -0.005002238444146878 0 0 0 1
1640710907.774027 5.327401168966215 1.1303177593999092 -2.323947402183002e-06 0 0 0 1
1640710908.054443 5.399957036197568 1.2902075144918659 -0.013002414956517883 0 0 0 1
1640710908.311 5.455074618576553 1.4399308792969516 -0.0030024942107050867 0 0 0 1
1640710908.388331 5.48325625663754 1.625883619407225 -0.012002563078841066 0 0 0 1
1640710908.668962 5.546158797010738 1.7578619879527633 0.008997348064043731 0 0 0 1
1640710908.765463 5.561417397532421 1.9281030209865753 -0.004002715294936454 0 0 0 1
1640710908.963835 5.5425778951942135 2.10906500765594 -0.014002756733589417 0 0 0 1
1640710909.226538 5.577765987158566 2.2891027401146857 -0.032002848530845895 0 0 0 1
1640710909.400561 5.593647406326578 2.440859412954415 -0.010002919602977167 0 0 0 1
1640710909.618875 5.577921889612226 2.6351301402097382 -0.02500298360053832 0 0 0 1
1640710909.832608 5.562196378438951 2.819604156184225 -0.027003049492389186 0 0 0 1
1640710909.973562 5.553944426808142 2.983560524205866 -0.015003117451181769 0 0 0 1
1640710910.191926 5.494934547224798 3.1641528471754565 -0.017003153272422855 0 0 0 1
1640710910.421434 5.438260162165503 3.3671112531761 -0.023003208397649688 0 0 0 1
1640710910.70352 5.359320783517312 3.553988265792481 -0.03300324431436463 0 0 0 1
1640710910.772527 5.256870834874649 3.762122312388812 -0.049003278242785386 0 0 0 1
1640710910.961912 5.165786924029712 3.972104789483008 -0.06200333234886535 0 0 0 1
1640710911.179062 5.056953324790907 4.1715512032908295 -0.044003373134108514 0 0 0 1
1640710911.383935 4.917446967871541 4.363419031209017 -0.040003392396699144 0 0 0 1
1640710911.559254 4.762682070822773 4.559907940380315 -0.061003413470495094 0 0 0 1
1640710911.77299 4.593281446637483 4.72478859724897 -0.05700340998380149 0 0 0 1
1640710911.963361 4.420299747928941 4.892257077097978 -0.040003414297725026 0 0 0 1
1640710912.207938 4.26537913574392 5.051407571712373 -0.0340034326335501 0 0 0 1
1640710912.37116 4.0660842385853035 5.188007147065594 -0.033003413583097 0 0 0 1
1640710912.586474 3.8219479605710274 5.312037359162218 -0.03800336502248136 0 0 0 1
1640710912.762022 3.606460328499621 5.463609253346636 -0.05700336734793865 0 0 0 1
1640710912.972549 3.366527916906181 5.550670734323754 -0.03900331273744673 0 0 0 1
1640710913.16284 3.097791139389808 5.622205340716933 -0.030003239471602328 0 0 0 1
1640710913.386914 2.8337253293699924 5.702242733741718 -0.036003188629125216 0 0 0 1
1640710913.576088 2.591301697999511 5.739766078619038 -0.027003119460755176 0 0 0 1
1640710913.768452 2.329415657487979 5.763980669239551 -0.02700303997136677 0 0 0 1
1640710913.980792 2.0591218537925116 5.745496366397106 -0.019002929539043478 0 0 0 1
1640710914.165493 1.7938104257754341 5.738102672573688 -0.017002844193075628 0 0 0 1
1640710914.362346 1.5073239020385194 5.722390996273277 -0.029002755334941455 0 0 0 1
1640710914.585687 1.2273767401585358 5.639211372824966 -0.02900262147379884 0 0 0 1
1640710914.769847 0.9566158314109003 5.531262680674543 -0.03500248024277752 0 0 0 1
1640710914.980374 0.6872562234562662 5.454922245034929 -0.0490023791803349 0 0 0 1
1640710915.262928 0.4437426861776128 5.362870095592777 -0.054002278481758204 0 0 0 1
1640710915.377392 0.18652762630539899 5.264718102462459 -0.05400218401557355 0 0 0 1
1640710915.579175 -0.07006463252297213 5.1649025043263395 -0.06000209948759405 0 0 0 1
1640710915.776607 -0.3434723988747763 5.074883623704774 -0.05500203635846557 0 0 0 1
1640710915.969747 -0.595705069842507 4.965086466166914 -0.04400196910585663 0 0 0 1
1640710916.183125 -0.8530758087453483 4.8582467895304084 -0.04700191314879154 0 0 0 1
1640710916.374063 -1.1303760388934874 4.784494121588295 -0.05500190265019533 0 0 0 1
1640710916.572666 -1.4106345520017436 4.722201761422099 -0.05500191118181741 0 0 0 1
1640710916.764171 -1.6938513468966936 4.660833614380209 -0.049001934216195586 0 0 0 1
1640710916.981194 -2.0180170286276864 4.638467464214688 -0.05100201293002504 0 0 0 1
1640710917.172708 -2.3158695449278284 4.615916461780668 -0.059002096998498565 0 0 0 1
1640710917.378952 -2.6177702330501993 4.567117647633329 -0.06500217798435015 0 0 0 1
1640710917.575445 -2.9466068764953053 4.5305184977856285 -0.07100229583816864 0 0 0 1
1640710917.812367 -3.2550469339479484 4.511664342968267 -0.07200243274026219 0 0 0 1
1640710917.961054 -3.594159745426192 4.513142985648406 -0.05600261563520714 0 0 0 1
1640710918.162955 -3.898707355883449 4.557505364318051 -0.045002825807825886 0 0 0 1
1640710918.385766 -4.223184466229495 4.638651605720408 -0.05400308984278546 0 0 0 1
1640710918.566854 -4.533960055852308 4.736803455632872 -0.07100337565401205 0 0 0 1
1640710918.766219 -4.876031172888332 4.8144376277777 -0.09000368689561089 0 0 0 1
1640710918.964688 -5.193968929130941 4.828115922172194 -0.05900394720456781 0 0 0 1
1640710919.17445 -5.514864942210281 4.840130584524786 -0.061004226525884775 0 0 0 1
1640710919.396231 -5.822526536536559 4.856026970805694 -0.0550045115638782 0 0 0 1
1640710919.592869 -6.138907265902861 4.828300234203166 -0.0410047874283892 0 0 0 1
1640710919.776517 -6.450149897215183 4.772107556917604 -0.03400505091553452 0 0 0 1
1640710919.995154 -6.786927175738056 4.695212358846189 -0.027005342206217087 0 0 0 1
1640710920.188346 -7.109691500429449 4.613141521249186 -0.03800563376569688 0 0 0 1
1640710920.374802 -7.421868310476329 4.562124429986049 -0.039005952332651805 0 0 0 1
1640710920.555135 -7.721900619925139 4.544194367383996 -0.02900629532679755 0 0 0 1
1640710920.782664 -8.004338934859678 4.533288374679222 -0.014006635080027863 0 0 0 1
1640710920.980803 -8.334732575289689 4.541790900060448 -0.02700706359398941 0 0 0 1
1640710921.16355 -8.622620377320098 4.563602210485379 -0.02200746164488665 0 0 0 1
1640710921.381584 -8.914400623635503 4.544747897079078 -0.017007849384166107 0 0 0 1
1640710921.574292 -9.213187292067232 4.502233566158621 -0.02400824334860152 0 0 0 1
1640710921.761868 -9.511195477020582 4.476355159939595 -0.03200866088902998 0 0 0 1
1640710921.973911 -9.800017445773273 4.478388154750444 -0.03300909959928022 0 0 0 1
1640710922.159731 -10.082767145681505 4.467112408372726 -0.027009532088553723 0 0 0 1
1640710922.389065 -10.365828197596606 4.4242283749661695 -0.028009956132675207 0 0 0 1
1640710922.587379 -10.648577835356129 4.3759838643640565 -0.03401038802632517 0 0 0 1
1640710922.82304 -10.928524926486752 4.358238560551998 -0.035010849911869535 0 0 0 1
1640710922.975488 -11.196638899691571 4.343081081687236 -0.02601130242573424 0 0 0 1
1640710923.172022 -11.458057772285358 4.329956869096275 -0.03901175828051606 0 0 0 1
1640710923.392923 -11.703283977501433 4.327183929402254 -0.03201219971865288 0 0 0 1
1640710923.591131 -11.925466662146642 4.30056617068014 -0.033012592793298934 0 0 0 1
1640710923.779292 -12.160728121722794 4.281526992290649 -0.015013024139456599 0 0 0 1
1640710924.007999 -12.376527125065964 4.247515480693879 -0.018013416635219492 0 0 0 1
1640710924.212138 -12.617237997153568 4.2262581430909005 -0.028013873335339223 0 0 0 1
1640710924.361241 -12.843157513094997 4.235500037439907 -0.02401432960254124 0 0 0 1
1640710924.579399 -13.061136358339008 4.2458509941100475 -0.028014778890865788 0 0 0 1
1640710924.784402 -13.278492461448646 4.2846678817858255 -0.024015253321584273 0 0 0 1
1640710924.964426 -13.48868636515444 4.311100238072244 -0.031015711684628355 0 0 0 1
1640710925.160474 -13.698724522957184 4.28263402335407 -0.024016140645752637 0 0 0 1
1640710925.384103 -13.904403115023115 4.266182647416652 -0.020016573732709153 0 0 0 1
1640710925.583068 -14.1085247454799 4.271542826001003 -0.016017024681374892 0 0 0 1
1640710925.771287 -14.298322115002007 4.330692532990435 -0.019017487215445827 0 0 0 1
1640710926.012544 -14.504623604963772 4.395017833631352 -0.02301799706270824 0 0 0 1
1640710926.160129 -14.691151252849696 4.424038014715609 -0.025018443206768826 0 0 0 1
1640710926.379137 -14.896518470911172 4.44085847608236 -0.033018929918672946 0 0 0 1
1640710926.563382 -15.113563159335584 4.476532972524153 -0.039019465182465574 0 0 0 1
1640710926.78849 -15.317996184676858 4.4976048304739535 -0.04901996736035974 0 0 0 1
1640710926.978187 -15.515889873697564 4.498898435457328 -0.03402044813375715 0 0 0 1
1640710927.158961 -15.732000296469398 4.483556063091695 -0.03702096418450562 0 0 0 1
1640710927.395254 -15.92880409740312 4.487992005127279 -0.022021456172808485 0 0 0 1
1640710927.592847 -16.155813485873203 4.519045358724913 -0.04602204814616995 0 0 0 1
1640710927.784244 -16.369744209264255 4.541411096294032 -0.03802260920645173 0 0 0 1
1640710927.967595 -16.6056283952739 4.516826483324444 -0.047023200616288285 0 0 0 1
1640710928.166045 -16.828745260249065 4.462851753826848 -0.03202374732704838 0 0 0 1
1640710928.387371 -17.06634210760481 4.403701365332486 -0.028024336760570367 0 0 0 1
1640710928.574593 -17.294285669876878 4.38595597262592 -0.02702493710294407 0 0 0 1
1640710928.766453 -17.53094836099754 4.351020096717809 -0.023025559370104087 0 0 0 1
1640710928.982433 -17.78162398392356 4.348616667665329 -0.03802625011611149 0 0 0 1
1640710929.178688 -18.025448885037328 4.342516383404776 -0.035026930465592354 0 0 0 1
1640710929.385568 -18.270207914834216 4.300556415767174 -0.032027596453807705 0 0 0 1
1640710929.561844 -18.517146785864576 4.2900198625002 -0.030028300730931434 0 0 0 1
1640710929.780692 -18.77296050795797 4.287246718503049 -0.03402904635688908 0 0 0 1
1640710929.968291 -19.0023054191106 4.293900654721632 -0.028029729845077123 0 0 0 1
1640710930.169429 -19.245974550703504 4.258779877368864 -0.02903043610360112 0 0 0 1
1640710930.404126 -19.4837271935272 4.25083113498157 -0.021031152574171097 0 0 0 1
1640710930.579933 -19.71042522060936 4.270424112441599 -0.023031861074977122 0 0 0 1
1640710930.778407 -19.938368777508522 4.240663824266019 -0.013032548850006043 0 0 0 1
1640710930.971426 -20.175965636556995 4.224766771580294 -0.02703328513849712 0 0 0 1
1640710931.18017 -20.389740627384107 4.222178526253923 -0.01603396146460989 0 0 0 1
1640710931.42666 -20.592772386947328 4.235486850704178 -0.012034622032234044 0 0 0 1
1640710931.580393 -20.810595487278757 4.217741396255718 -0.013035315585840257 0 0 0 1
1640710931.761434 -21.033868060205833 4.2073896698558 -0.018036040960436983 0 0 0 1
1640710932.016445 -21.266949814871488 4.254893996120565 -0.020036845274812087 0 0 0 1
1640710932.271962 -21.488042698821587 4.284283662213479 -0.02103760574998459 0 0 0 1
1640710932.414577 -21.714740676339584 4.2739319174820825 -0.01903836499189726 0 0 0 1
1640710932.576477 -21.960122501082452 4.254707622980251 -0.027039191740158675 0 0 0 1
1640710932.762801 -22.203324692401125 4.286869880679049 -0.02304005571817047 0 0 0 1
1640710932.980699 -22.44730528563514 4.281324016480544 -0.022040904328999522 0 0 0 1
1640710933.17824 -22.7074784815295 4.241397174756514 -0.030041796121073716 0 0 0 1
1640710933.390737 -22.9762152573171 4.2367754601234395 -0.02504275524027788 0 0 0 1
1640710933.633637 -23.249155904932447 4.244907937348044 -0.030043748048220964 0 0 0 1
1640710933.76556 -23.515090119929184 4.254704021402032 -0.02804472941224101 0 0 0 1
1640710933.988635 -23.803445032939816 4.277623942832254 -0.03004581331201628 0 0 0 1
1640710934.171862 -24.086817572446996 4.2925955938186995 -0.027046886533067305 0 0 0 1
1640710934.437366 -24.39447907092571 4.272446868035807 -0.031048041296689144 0 0 0 1
1640710934.662153 -24.676761678247566 4.277991472539085 -0.032049130007445026 0 0 0 1
1640710934.776393 -24.995322195959602 4.286123788799829 -0.034050374262807326 0 0 0 1
1640710934.968737 -25.27916190109349 4.295365261782324 -0.011051498113885616 0 0 0 1
1640710935.195574 -25.613447959990054 4.290743294737612 -0.024052827170858215 0 0 0 1
1640710935.41308 -25.90740815526566 4.278912557471341 0.022945994578683182 0 0 0 1
1640710935.567308 -26.228304153154482 4.278726863347153 0.02394468456394061 0 0 0 1
1640710935.772013 -26.54795442153137 4.267820209128928 -0.0010566299936500823 0 0 0 1
1640710935.972863 -26.86713770801106 4.257098409428768 0.0019420425229048632 0 0 0 1
1640710936.187151 -27.178847432849597 4.268927539314393 -0.010059283908833816 0 0 0 1
1640710936.382429 -27.509863836460323 4.285747380667871 -0.029060714141159405 0 0 0 1
1640710936.668697 -27.83901198030489 4.3175395700735155 -0.02806216165738884 0 0 0 1
1640710936.852004 -28.126899748440618 4.335468579211016 -0.04006343536485257 0 0 0 1
1640710936.964162 -28.446394394807434 4.301271582318725 -0.030064826317933058 0 0 0 1
1640710937.157604 -28.72135907877294 4.30016171270014 -0.04106605787334616 0 0 0 1
1640710937.38437 -29.00955833401087 4.3130999310224425 -0.030067368883441192 0 0 0 1
1640710937.579528 -29.31908832138155 4.3291804113385925 -0.03306879433901733 0 0 0 1
1640710937.760121 -29.617563730077478 4.359124194832582 -0.03207019288761481 0 0 0 1
1640710937.975342 -29.893618377630887 4.350066023724023 -0.02307147415957278 0 0 0 1
1640710938.172336 -30.20735217279016 4.33749569219099 -0.023072942436793697 0 0 0 1
1640710938.369061 -30.478113046943133 4.346552193470531 -0.026074234473207447 0 0 0 1
1640710938.759963 -30.75089788473924 4.321227752897033 -0.033075524740169504 0 0 0 1
1640710938.82445 -31.043612322471724 4.3288054186971445 -0.039076947277886465 0 0 0 1
1640710938.975861 -31.32932030741427 4.34691918572026 -0.05007835514499259 0 0 0 1
1640710939.216177 -31.608644647404578 4.339339705918362 -0.04007972675393234 0 0 0 1
1640710939.385396 -31.822419625058764 4.329911993579937 -0.031080781457814677 0 0 0 1
1640710939.567714 -32.052387337223784 4.325105316462352 -0.02108192801459352 0 0 0 1
1640710939.764619 -32.266473718851685 4.329540864918368 -0.02008300967947374 0 0 0 1
1640710939.95962 -32.47230802539487 4.319004100319745 -0.013084045463731098 0 0 0 1
1640710940.250012 -32.672381532806355 4.323254849083068 -0.002085069843832388 0 0 0 1
1640710940.417102 -32.87183207583058 4.303475903316756 -0.008086081340922036 0 0 0 1
1640710940.565333 -33.07501931220389 4.2825878693093 -0.030087115342215975 0 0 0 1
1640710940.761904 -33.252360636823326 4.2870235122351055 -0.039088039585317924 0 0 0 1
1640710940.981518 -33.397783694487245 4.285544274247123 -0.032088797833147886 0 0 0 1
1640710941.179582 -33.54055989433347 4.2970040982432165 -0.02808955483278419 0 0 0 1
1640710941.38202 -33.66309522779712 4.303473217314309 -0.01609020353937951 0 0 0 1
1640710941.568074 -33.78905577529965 4.299221370669105 -0.029090866734283072 0 0 0 1
1640710941.839986 -33.89773379682276 4.302363337725721 -0.031091444378430255 0 0 0 1
1640710942.04135 -34.00205224099669 4.3066143798148975 -0.03409200202346696 0 0 0 1
1640710942.197675 -34.078344810892936 4.296447712729968 -0.032092402356775906 0 0 0 1
1640710942.362408 -34.14918795988453 4.306983557005797 -0.03409278674909055 0 0 0 1
1640710942.60943 -34.21177899283205 4.294044282075131 -0.03209311419516503 0 0 0 1
1640710942.777424 -34.28558042395352 4.299404492227632 -0.03109351355203649 0 0 0 1
1640710942.970285 -34.401109255411285 4.310864398047714 -0.03009414252421072 0 0 0 1
1640710943.165466 -34.55571865908033 4.34505993848744 -0.029095000653104774 0 0 0 1
1640710943.394723 -34.72200568090838 4.430087452307841 -0.02809596055915442 0 0 0 1
1640710943.571049 -34.87614837890857 4.569274211307363 -0.024096900778214803 0 0 0 1
1640710943.763455 -35.07606650267323 4.677407059620357 -0.025098074100829315 0 0 0 1
1640710943.963037 -35.263684252809455 4.762989009407066 -0.03709917206393287 0 0 0 1
1640710944.166478 -35.44818829540128 4.910123924340989 -0.040100305867921016 0 0 0 1
1640710944.371545 -35.60419955373539 5.083691595373541 -0.031101308684059248 0 0 0 1
1640710944.567809 -35.76550467097201 5.297740004035077 -0.03410238608321725 0 0 0 1
1640710944.774441 -35.893334511359875 5.50772198060422 -0.027103282066275547 0 0 0 1
1640710944.975783 -36.063981518345216 5.7117887857638525 -0.03710442364284905 0 0 0 1
1640710945.192722 -36.24334766391767 5.906798214102594 -0.0451056175502198 0 0 0 1
1640710945.377335 -36.41679732795793 6.114377038905177 -0.047106802710890516 0 0 0 1
1640710945.598289 -36.58977985738823 6.301068530571929 -0.043107972661048155 0 0 0 1
1640710945.801059 -36.747971039823355 6.4881297729457685 -0.02710907029218479 0 0 0 1
1640710945.993336 -36.92811569531428 6.66724263793591 -0.02711029358112116 0 0 0 1
1640710946.181968 -37.13472908836694 6.804211040398491 -0.02311163828532825 0 0 0 1
1640710946.375649 -37.35535542370647 6.949312503165974 -0.02311308121454969 0 0 0 1
1640710946.598974 -37.590773089507174 7.065208603623448 -0.021114591080468426 0 0 0 1
1640710946.797508 -37.84518590679165 7.148756971708107 -0.02511618764898671 0 0 0 1
1640710946.974714 -38.108473488879056 7.220290449038049 -0.0371178346318457 0 0 0 1
1640710947.201685 -38.40056529006316 7.269827396984972 -0.058119642645060754 0 0 0 1
1640710947.380571 -38.67444019245253 7.276665529395768 -0.06612130294658192 0 0 0 1
1640710947.594166 -38.93912878858219 7.2576255830297445 -0.06612288944450695 0 0 0 1
1640710947.770837 -39.20366155584705 7.197180649778039 -0.06012443900876363 0 0 0 1
1640710948.027285 -39.46757136776999 7.099951815914618 -0.05512595543984089 0 0 0 1
1640710948.201624 -39.699251332050785 6.976290456785714 -0.05012725575156729 0 0 0 1
1640710948.372009 -39.91224729851814 6.85743508534302 -0.06212845387726196 0 0 0 1
1640710948.590731 -40.126333090971734 6.706416913516795 -0.06312963528386106 0 0 0 1
1640710948.780463 -40.33419098728052 6.548559564449539 -0.04713077922401032 0 0 0 1
1640710948.980146 -40.540335946953036 6.355397056739255 -0.046131889804956305 0 0 0 1
1640710949.16945 -40.726551470688335 6.157983236025086 -0.03113287965506073 0 0 0 1
1640710949.371393 -40.869015258880964 5.92526443243275 -0.03313356921411481 0 0 0 1
1640710949.601642 -41.009922111155234 5.706224064699044 -0.034134271952332096 0 0 0 1
1640710949.766942 -41.107700339253995 5.497904814634927 -0.03313471628342102 0 0 0 1
1640710949.963914 -41.207813907208916 5.266110396708726 -0.03913516591854993 0 0 0 1
1640710950.156252 -41.289555105585826 5.050212622862788 -0.034135519151063054 0 0 0 1
1640710950.360871 -41.37487736481087 4.844296384821419 -0.03813591033188146 0 0 0 1
1640710950.58838 -41.45116906086375 4.6169383254364735 -0.029136237026281098 0 0 0 1
1640710950.758016 -41.47312154853172 4.36961736324548 -0.03713620411409613 0 0 0 1
1640710950.974737 -41.519051702123654 4.116566148820336 -0.04213633356014235 0 0 0 1
1640710951.171415 -41.52294326326741 3.871648249019761 -0.024136206028043228 0 0 0 1
1640710951.374849 -41.48323883223316 3.6025159961404216 -0.02513578848707665 0 0 0 1
1640710951.607597 -41.471715752967896 3.317302211832325 -0.04613555948954051 0 0 0 1
1640710951.786986 -41.442598966408546 3.06665428616808 -0.04413524370651056 0 0 0 1
1640710951.967833 -41.43045321684899 2.7864312940760527 -0.04913503530247554 0 0 0 1
1640710952.202704 -41.379227137446144 2.5224747179551534 -0.04113459467052882 0 0 0 1
1640710952.368069 -41.28300392066765 2.2483519238317955 -0.040133868256099436 0 0 0 1
1640710952.59761 -41.17837296518378 1.9795896294910327 -0.041133103830891415 0 0 0 1
1640710952.777757 -41.03232591794353 1.681437360820945 -0.04313207685980813 0 0 0 1
1640710952.995583 -40.875380201825834 1.4363352768769322 -0.03913100987458651 0 0 0 1
1640710953.17436 -40.734159998267934 1.1738578163811288 -0.04013005296206629 0 0 0 1
1640710953.391791 -40.615827614962214 0.9230254111860228 -0.042129258165071515 0 0 0 1
1640710953.608033 -40.49406976317961 0.6753353608146794 -0.0611284533614026 0 0 0 1
1640710953.754298 -40.32233263550838 0.43818160762048713 -0.06612734524189412 0 0 0 1
1640710953.964802 -40.12007868154075 0.23041812199972445 -0.06012605910521407 0 0 0 1
1640710954.176011 -39.86613263682174 0.03762718275890028 -0.06312446551157372 0 0 0 1
1640710954.356981 -39.59614989664696 -0.09564402849536022 -0.0561227870943008 0 0 0 1
1640710954.598375 -39.32663418580202 -0.22910009341254975 -0.06112112461373713 0 0 0 1
1640710954.775275 -39.06614927730349 -0.31948761921238256 -0.054119527789376176 0 0 0 1
1640710954.961029 -38.79258562606516 -0.4091357275214421 -0.05111786536046983 0 0 0 1
1640710955.170828 -38.511392703284045 -0.4976747520087555 -0.052116169790021455 0 0 0 1
1640710955.372854 -38.24343422087541 -0.5649568080750975 -0.06511456440916596 0 0 0 1
1640710955.569804 -38.01595762509719 -0.6034034122292183 -0.0771132089842334 0 0 0 1
1640710955.786807 -37.816039798257364 -0.6778946503165573 -0.06111202876695471 0 0 0 1
1640710955.974957 -37.62639810285521 -0.7241048445086149 -0.06511091345355485 0 0 0 1
1640710956.182071 -37.47038743116779 -0.78713594979989 -0.055110004043809835 0 0 0 1
1640710956.373018 -37.328545340919696 -0.8322372697468337 -0.0631091796112811 0 0 0 1
1640710956.570637 -37.17845135955862 -0.8418485728837087 -0.06710830504892196 0 0 0 1
1640710956.757757 -37.04346008964436 -0.8734563330918528 -0.07410752483161043 0 0 0 1
1640710956.988814 -36.93088960737175 -0.9011824652638597 -0.06310687747936283 0 0 0 1
1640710957.174753 -36.82127728897866 -0.9422173540120345 -0.06410624852063157 0 0 0 1
1640710957.375444 -36.71680308516617 -0.9795553892740765 -0.06010565222869557 0 0 0 1
1640710957.568245 -36.60859201783382 -1.0244720015650057 -0.06610503879570839 0 0 0 1
1640710957.795216 -36.5031835862722 -1.0662462857589352 -0.06510444150292027 0 0 0 1
1640710957.979292 -36.36819241200331 -1.0719759376099844 -0.07310367306154453 0 0 0 1
1640710958.170007 -36.22245809029258 -1.0629180568498064 -0.0751028431452978 0 0 0 1
1640710958.360319 -36.07454401467339 -1.038333300744578 -0.08110200101567744 0 0 0 1
1640710958.562859 -35.9168208946231 -1.0174453839357773 -0.08510110836284035 0 0 0 1
1640710958.75591 -35.76797257977208 -1.0111601549318914 -0.08710027138219728 0 0 0 1
1640710958.967235 -35.61087221451683 -1.003026461005473 -0.09009939217007062 0 0 0 1
1640710959.171068 -35.42823705612875 -1.0207707924869522 -0.10209837941700411 0 0 0 1
1640710959.366792 -35.24046385164503 -1.0473876087229725 -0.10409734392641179 0 0 0 1
1640710959.56572 -35.063122622552 -1.0562594725882126 -0.09309636845840541 0 0 0 1
1640710959.763485 -34.8727025478099 -1.0749280073212062 -0.09809532923583902 0 0 0 1
1640710959.967954 -34.655346494233655 -1.1107869140234223 -0.09909415156606854 0 0 0 1
1640710960.226659 -34.44826661190061 -1.1390672707432716 -0.09909303631981309 0 0 0 1
1640710960.376998 -34.21658649632906 -1.0995099094617093 -0.10209178370466931 0 0 0 1
1640710960.56414 -33.96544398791103 -1.052373893496552 -0.11109043535754881 0 0 0 1
1640710960.76018 -33.71072063676073 -0.9642025756341015 -0.10208907190272398 0 0 0 1
1640710960.974067 -33.44572110258955 -0.8756615405547002 -0.10008766381097395 0 0 0 1
1640710961.168026 -33.1889734818487 -0.820762091932404 -0.10208631722769129 0 0 0 1
1640710961.382205 -32.930668761014935 -0.7958073234265182 -0.10508497666430167 0 0 0 1
1640710961.566853 -32.68279591731818 -0.7623497858489421 -0.10608369821354574 0 0 0 1
1640710961.775458 -32.39272852041297 -0.7603155444996119 -0.10608222028093889 0 0 0 1
1640710961.962178 -32.12181196319314 -0.7773202721219787 -0.12308085314902956 0 0 0 1
1640710962.177827 -31.83952948198754 -0.8102215308225839 -0.10807944312407147 0 0 0 1
1640710962.377655 -31.586051175709663 -0.8695555394091913 -0.10807819249342648 0 0 0 1
1640710962.561485 -31.30906214367088 -0.9466344676934871 -0.13007683784085544 0 0 0 1
1640710962.807987 -31.04203810943499 -0.9678906447770853 -0.13707553841405107 0 0 0 1
1640710963.022689 -30.79182976654894 -0.9708473588338715 -0.11707432651509853 0 0 0 1
1640710963.169066 -30.527919789225496 -0.9560590373536053 -0.13207305785572615 0 0 0 1
1640710963.366289 -30.270860605023074 -0.9414555888782641 -0.140071832221759 0 0 0 1
1640710963.580538 -30.025945929790012 -0.9471849906841465 -0.13907067554187896 0 0 0 1
1640710963.755165 -29.795511315215823 -0.9549477257433994 -0.12706959655576117 0 0 0 1
1640710963.964151 -29.54172173795579 -0.9667769540038608 -0.13406841895003468 0 0 0 1
1640710964.169737 -29.294315789184818 -0.989881674000638 -0.14106728381689249 0 0 0 1
1640710964.37838 -29.06683951194198 -0.9928384997908947 -0.12006624420065048 0 0 0 1
1640710964.596955 -28.825350091926662 -1.029067150057453 -0.12706515445095218 0 0 0 1
1640710964.826363 -28.579656910250755 -1.0427448659081933 -0.12406405281395116 0 0 0 1
1640710964.973343 -28.34750953309845 -1.0416351298993973 -0.13406301825881833 0 0 0 1
1640710965.163543 -28.088114862374866 -1.011135172120359 -0.15306186638260572 0 0 0 1
1640710965.376912 -27.856434692633975 -1.015016232263014 -0.13506085137006646 0 0 0 1
1640710965.557012 -27.63409628681543 -1.0621507460256638 -0.13005989363797477 0 0 0 1
1640710965.763069 -27.377192793653645 -1.0486564352910248 -0.14005878396425325 0 0 0 1
1640710965.96862 -27.14987215252334 -1.026844246724187 -0.14905781074922259 0 0 0 1
1640710966.163593 -26.916167802556387 -1.0185256355213117 -0.16005681998063986 0 0 0 1
1640710966.358456 -26.7044171259061 -1.005031469623412 -0.15005592742523666 0 0 0 1
1640710966.568653 -26.477719488523043 -0.9431082205514958 -0.13505497511727937 0 0 0 1
1640710966.799881 -26.24012280498146 -0.8991147849311103 -0.134053986479637 0 0 0 1
1640710967.021189 -26.020119853451256 -0.9386707476339357 -0.14305309395027088 0 0 0 1
1640710967.190452 -25.793733266201617 -0.9872840432127259 -0.14005218121680918 0 0 0 1
1640710967.388269 -25.56874813767708 -0.9590023676131467 -0.14605127143206337 0 0 0 1
1640710967.606695 -25.348433990776215 -0.9529019560082781 -0.13505039291794102 0 0 0 1
1640710967.759495 -25.122981729929933 -0.9362654434616634 -0.14204949865732625 0 0 0 1
1640710967.982448 -24.89752956479093 -0.8985567567240046 -0.13804861076122044 0 0 0 1
1640710968.179338 -24.678616639324012 -0.9037318279607751 -0.13704776171985433 0 0 0 1
1640710968.368489 -24.44662494487622 -0.9212913976760572 -0.14004686961000545 0 0 0 1
1640710968.567385 -24.22599922616297 -0.9564111519449748 -0.1470460356487439 0 0 0 1
1640710968.852836 -23.98591123396956 -0.9497561883920672 -0.15204512744555687 0 0 0 1
1640710969.042725 -23.756099427599715 -0.9312712600299555 -0.152044265762096 0 0 0 1
1640710969.170486 -23.50635802226785 -0.944394559669456 -0.16304334322449515 0 0 0 1
1640710969.389918 -23.25537110680582 -0.9323791212675169 -0.16804242257799995 0 0 0 1
1640710969.603753 -23.012324866768804 -0.9253544890772849 -0.16404153960397527 0 0 0 1
1640710969.784809 -22.751684649343513 -0.9039120138250849 -0.16304060294121037 0 0 0 1
1640710969.986399 -22.488241745659952 -0.9011387490740193 -0.1790396695464963 0 0 0 1
1640710970.162117 -22.23009262915189 -0.915740813042979 -0.17903876833116744 0 0 0 1
1640710970.377057 -21.982531113205894 -0.9098252583442227 -0.1740379091378887 0 0 0 1
1640710970.567952 -21.706476655175777 -0.8942977727643191 -0.17803696355216714 0 0 0 1
1640710970.810431 -21.418900426979988 -0.8911547984803536 -0.18503599078366334 0 0 0 1
1640710971.015813 -21.1619969492387 -0.8891209607458305 -0.18203513491565393 0 0 0 1
1640710971.232973 -20.8831399488677 -0.8691572456297562 -0.1760342138755372 0 0 0 1
1640710971.387323 -20.610199449106165 -0.8639810447053312 -0.180033325912424 0 0 0 1
1640710971.569492 -20.317796559726307 -0.8586199683899769 -0.18503238794227223 0 0 0 1
1640710971.782026 -20.03707114460523 -0.849562052308048 -0.1790314987180226 0 0 0 1
1640710971.983835 -19.744668144608042 -0.8730366044430496 -0.2010305905578848 0 0 0 1
1640710972.199075 -19.482782309162985 -0.8708179582167218 -0.1940297863749167 0 0 0 1
1640710972.378786 -19.201434099338247 -0.8417969444115997 -0.20002893128206356 0 0 0 1
1640710972.5613 -18.92195426712602 -0.8290421866819462 -0.19902809531926108 0 0 0 1
1640710972.766485 -18.661625490592172 -0.8044574791162753 -0.1820273252519759 0 0 0 1
1640710972.964434 -18.39133188816424 -0.7917027545895177 -0.1860265398384075 0 0 0 1
1640710973.24916 -18.11916979970566 -0.8218317685679706 -0.1960257637120184 0 0 0 1
1640710973.448564 -17.841714011500393 -0.828855320117011 -0.19702498350787373 0 0 0 1
1640710973.5774 -17.586056152082318 -0.8035312744473224 -0.19902427180078175 0 0 0 1
1640710973.76988 -17.318565085252295 -0.8037156408304187 -0.21202353959968956 0 0 0 1
1640710973.979713 -17.070225094467993 -0.8013122399989114 -0.19402287137918567 0 0 0 1
1640710974.167857 -16.824843343149507 -0.7848607265788812 -0.20102221697765216 0 0 0 1
1640710974.457856 -16.574946339998732 -0.769518275962233 -0.19902156134466537 0 0 0 1
1640710974.576739 -16.359614526013853 -0.753621357679231 -0.2000210062960464 0 0 0 1
1640710974.793272 -16.127000090951345 -0.7447484746676705 -0.20502041278590855 0 0 0 1
1640710974.986731 -15.911201160477802 -0.7406815608447 -0.20601986929523253 0 0 0 1
1640710975.188714 -15.683413450312617 -0.7046366751225468 -0.20701930262746981 0 0 0 1
1640710975.376329 -15.461075196221946 -0.6595344606124391 -0.21801875565192927 0 0 0 1
1640710975.572332 -15.227682346651118 -0.6312530126962149 -0.20101819087721842 0 0 0 1
1640710975.83804 -15.020758267469361 -0.5983505157315387 -0.2180176982137197 0 0 0 1
1640710975.976904 -14.821152071975444 -0.601492556600826 -0.20001723265922922 0 0 0 1
1640710976.190602 -14.628240804901832 -0.6373519420615575 -0.2180167897076595 0 0 0 1
1640710976.358918 -14.423496428892992 -0.6785717802489752 -0.22401632794912885 0 0 0 1
1640710976.59303 -14.236346123257055 -0.7286641516643991 -0.19201591507399152 0 0 0 1
1640710976.766449 -14.028020784342651 -0.7016766724949794 -0.19101545073365683 0 0 0 1
1640710977.022191 -13.820940992772515 -0.6752437289719306 -0.2100149955081336 0 0 0 1
1640710977.170697 -13.597512798024198 -0.6815281032832259 -0.2070145167685354 0 0 0 1
1640710977.390883 -13.379534114634293 -0.6593465611922835 -0.2020140539188304 0 0 0 1
1640710977.564745 -13.152369143277085 -0.6565735987827231 -0.20401358318567667 0 0 0 1
1640710977.783333 -12.942486729621779 -0.6791242495670505 -0.2100131555208732 0 0 0 1
1640710977.963469 -12.71314196263032 -0.6743180129862396 -0.21801269420133804 0 0 0 1
1640710978.196951 -12.495163227374602 -0.6728389831044259 -0.22501226369408842 0 0 0 1
1640710978.358031 -12.257877865797179 -0.6456666619102044 -0.21701180080118923 0 0 0 1
1640710978.570621 -12.010627709447515 -0.6541691668539511 -0.2130113317291596 0 0 0 1
1640710978.77091 -11.758395205529606 -0.6536143310941762 -0.2030108625950847 0 0 0 1
1640710978.978228 -11.527493484061011 -0.6488081232076088 -0.1910104406292101 0 0 0 1
1640710979.159404 -11.275260943977493 -0.6460351744497381 -0.20100998904316797 0 0 0 1
1640710979.36693 -11.023962592856671 -0.650471135895255 -0.21000955092933987 0 0 0 1
1640710979.614742 -10.776712419346264 -0.671358198478756 -0.20900913107342498 0 0 0 1
1640710979.78665 -10.534756056119765 -0.6473282563915697 -0.2120087252948521 0 0 0 1
1640710979.975234 -10.278786747690646 -0.6425220482862829 -0.21900830735899568 0 0 0 1
1640710980.178119 -10.019547756219264 -0.6434459974111942 -0.2240078941224297 0 0 0 1
1640710980.37059 -9.753925120854625 -0.6225583937662093 -0.23100748175948954 0 0 0 1
1640710980.573906 -9.484410026097729 -0.6014859491538765 -0.22600707383896776 0 0 0 1
1640710980.769089 -9.230309120528991 -0.5933525843713098 -0.22500670089652616 0 0 0 1
1640710980.988109 -8.968578980628497 -0.5809678156033276 -0.21200632630067556 0 0 0 1
1640710981.187005 -8.718214848585088 -0.5783797788055194 -0.2100059798731967 0 0 0 1
1640710981.372659 -8.448388317443946 -0.5743129807110652 -0.21900561593346263 0 0 0 1
1640710981.603394 -8.202383772505883 -0.5717249611442634 -0.2080052957361426 0 0 0 1
1640710981.772422 -7.932868622913974 -0.56876723891792 -0.23000495283597838 0 0 0 1
1640710981.971286 -7.6966731066238925 -0.5604490847237642 -0.23200466464436859 0 0 0 1
1640710982.160942 -7.438524009922144 -0.5506521697389362 -0.2430043580451245 0 0 0 1
1640710982.416791 -7.216808516772213 -0.5539791907941957 -0.23200410352524292 0 0 0 1
1640710982.600648 -6.97967880713974 -0.5569365190395228 -0.2270038406408074 0 0 0 1
1640710982.786256 -6.750178353525942 -0.5225554320275647 -0.2440035901824804 0 0 0 1
1640710983.032444 -6.487825397177502 -0.5018527605806451 -0.2470033165256689 0 0 0 1
1640710983.251681 -6.252875462171122 -0.5236641643544828 -0.24000308445846527 0 0 0 1
1640710983.386271 -6.030225783398718 -0.49131637934224165 -0.24000286800399084 0 0 0 1
1640710983.656649 -5.8097558850429305 -0.47116828410054434 -0.23800266243126872 0 0 0 1
1640710983.81343 -5.56655390240589 -0.4835526708579152 -0.23300244727372 0 0 0 1
1640710983.970973 -5.326777289658628 -0.5059186244488124 -0.23200224294245603 0 0 0 1
1640710984.19654 -5.095875535586069 -0.5086911572095351 -0.2350020549545285 0 0 0 1
1640710984.3959 -4.870267551893816 -0.5075819798583342 -0.23700187800628442 0 0 0 1
1640710984.612295 -4.640767098321678 -0.5083212459346708 -0.22900170825337804 0 0 0 1
1640710984.770669 -4.404104479884284 -0.49482754517189753 -0.23800153882601605 0 0 0 1
1640710984.966521 -4.154207436377664 -0.4878033764377843 -0.24700137223147756 0 0 0 1
1640710985.207031 -3.9209701915802144 -0.4968606207818774 -0.25200122368993433 0 0 0 1
1640710985.376739 -3.683684784622733 -0.4817033454947647 -0.2500010823205636 0 0 0 1
1640710985.563255 -3.4537172265581955 -0.48355169892049327 -0.25300095471649503 0 0 0 1
1640710985.759426 -3.2178331064508825 -0.48392130689686197 -0.24700083005036275 0 0 0 1
1640710985.967852 -2.9772780130707526 -0.4798546700489389 -0.24700071297217793 0 0 0 1
1640710986.231992 -2.7597663832303114 -0.4863241355877965 -0.2420006166255816 0 0 0 1
1640710986.374142 -2.5257506498281526 -0.4883573537415784 -0.24200051839357203 0 0 0 1
1640710986.572284 -2.2685357524090315 -0.47024260883876734 -0.2510004215320252 0 0 0 1
1640710986.772069 -2.0315617361987397 -0.46599115174074157 -0.2550003404784134 0 0 0 1
1640710986.962171 -1.7794849124324974 -0.44954001426689566 -0.25100026487461735 0 0 0 1
1640710987.187407 -1.5520085423366137 -0.4508338827883276 -0.2440002060187518 0 0 0 1
1640710987.364608 -1.3047583855097322 -0.4526822835290474 -0.23800015005763403 0 0 0 1
1640710987.588898 -1.0654488803606654 -0.46950303005893357 -0.2400001060028212 0 0 0 1
1640710987.771825 -0.8247380835286189 -0.4861389391394457 -0.24300007285508365 0 0 0 1
1640710987.971806 -0.581691802791924 -0.48539954590330103 -0.24500004629583255 0 0 0 1
1640710988.194166 -0.33070486903535956 -0.47190594552454823 -0.24700002582170075 0 0 0 1
1640710988.365783 -0.07271147459442387 -0.4604456317101824 -0.25500001905526726 0 0 0 1
1640710988.608273 0.17827545905155828 -0.45157313474541433 -0.26200001922267646 0 0 0 1